{
 "cells": [
  {
   "cell_type": "code",
   "execution_count": 1,
   "id": "2f7662a0",
   "metadata": {},
   "outputs": [],
   "source": [
    "import pandas as pd\n",
    "import numpy as np\n",
    "from sklearn.manifold import MDS\n",
    "\n",
    "#perform multi-dimensional scaling\n",
    "mds = MDS(random_state=0, dissimilarity='precomputed')"
   ]
  },
  {
   "cell_type": "code",
   "execution_count": 2,
   "id": "851c66f6",
   "metadata": {},
   "outputs": [
    {
     "data": {
      "text/html": [
       "<div>\n",
       "<style scoped>\n",
       "    .dataframe tbody tr th:only-of-type {\n",
       "        vertical-align: middle;\n",
       "    }\n",
       "\n",
       "    .dataframe tbody tr th {\n",
       "        vertical-align: top;\n",
       "    }\n",
       "\n",
       "    .dataframe thead th {\n",
       "        text-align: right;\n",
       "    }\n",
       "</style>\n",
       "<table border=\"1\" class=\"dataframe\">\n",
       "  <thead>\n",
       "    <tr style=\"text-align: right;\">\n",
       "      <th></th>\n",
       "      <th>London</th>\n",
       "      <th>Berlin</th>\n",
       "      <th>Oslo</th>\n",
       "      <th>Moscow</th>\n",
       "      <th>Paris</th>\n",
       "      <th>Rome</th>\n",
       "      <th>Beijing</th>\n",
       "      <th>Istanbul</th>\n",
       "      <th>Gibraltar</th>\n",
       "      <th>Reykjavik</th>\n",
       "    </tr>\n",
       "  </thead>\n",
       "  <tbody>\n",
       "    <tr>\n",
       "      <th>London</th>\n",
       "      <td>0</td>\n",
       "      <td>570</td>\n",
       "      <td>710</td>\n",
       "      <td>1550</td>\n",
       "      <td>210</td>\n",
       "      <td>890</td>\n",
       "      <td>5050</td>\n",
       "      <td>1550</td>\n",
       "      <td>1090</td>\n",
       "      <td>1170</td>\n",
       "    </tr>\n",
       "    <tr>\n",
       "      <th>Berlin</th>\n",
       "      <td>570</td>\n",
       "      <td>0</td>\n",
       "      <td>520</td>\n",
       "      <td>1000</td>\n",
       "      <td>540</td>\n",
       "      <td>730</td>\n",
       "      <td>4570</td>\n",
       "      <td>1080</td>\n",
       "      <td>1450</td>\n",
       "      <td>1480</td>\n",
       "    </tr>\n",
       "    <tr>\n",
       "      <th>Oslo</th>\n",
       "      <td>710</td>\n",
       "      <td>520</td>\n",
       "      <td>0</td>\n",
       "      <td>1020</td>\n",
       "      <td>830</td>\n",
       "      <td>1240</td>\n",
       "      <td>4360</td>\n",
       "      <td>1520</td>\n",
       "      <td>1790</td>\n",
       "      <td>1080</td>\n",
       "    </tr>\n",
       "    <tr>\n",
       "      <th>Moscow</th>\n",
       "      <td>1550</td>\n",
       "      <td>1000</td>\n",
       "      <td>1020</td>\n",
       "      <td>0</td>\n",
       "      <td>1540</td>\n",
       "      <td>1470</td>\n",
       "      <td>3600</td>\n",
       "      <td>1090</td>\n",
       "      <td>2410</td>\n",
       "      <td>2060</td>\n",
       "    </tr>\n",
       "    <tr>\n",
       "      <th>Paris</th>\n",
       "      <td>210</td>\n",
       "      <td>540</td>\n",
       "      <td>830</td>\n",
       "      <td>1540</td>\n",
       "      <td>0</td>\n",
       "      <td>680</td>\n",
       "      <td>5100</td>\n",
       "      <td>1040</td>\n",
       "      <td>960</td>\n",
       "      <td>1380</td>\n",
       "    </tr>\n",
       "    <tr>\n",
       "      <th>Rome</th>\n",
       "      <td>890</td>\n",
       "      <td>730</td>\n",
       "      <td>1240</td>\n",
       "      <td>1470</td>\n",
       "      <td>680</td>\n",
       "      <td>0</td>\n",
       "      <td>5050</td>\n",
       "      <td>850</td>\n",
       "      <td>1030</td>\n",
       "      <td>2040</td>\n",
       "    </tr>\n",
       "    <tr>\n",
       "      <th>Beijing</th>\n",
       "      <td>5050</td>\n",
       "      <td>4570</td>\n",
       "      <td>4360</td>\n",
       "      <td>3600</td>\n",
       "      <td>5100</td>\n",
       "      <td>5050</td>\n",
       "      <td>0</td>\n",
       "      <td>4380</td>\n",
       "      <td>6010</td>\n",
       "      <td>4900</td>\n",
       "    </tr>\n",
       "    <tr>\n",
       "      <th>Istanbul</th>\n",
       "      <td>1550</td>\n",
       "      <td>1080</td>\n",
       "      <td>1520</td>\n",
       "      <td>1090</td>\n",
       "      <td>1040</td>\n",
       "      <td>850</td>\n",
       "      <td>4380</td>\n",
       "      <td>0</td>\n",
       "      <td>1870</td>\n",
       "      <td>2560</td>\n",
       "    </tr>\n",
       "    <tr>\n",
       "      <th>Gibraltar</th>\n",
       "      <td>1090</td>\n",
       "      <td>1450</td>\n",
       "      <td>1790</td>\n",
       "      <td>2410</td>\n",
       "      <td>960</td>\n",
       "      <td>1030</td>\n",
       "      <td>6010</td>\n",
       "      <td>1870</td>\n",
       "      <td>0</td>\n",
       "      <td>2050</td>\n",
       "    </tr>\n",
       "    <tr>\n",
       "      <th>Reykjavik</th>\n",
       "      <td>1170</td>\n",
       "      <td>1480</td>\n",
       "      <td>1080</td>\n",
       "      <td>2060</td>\n",
       "      <td>1380</td>\n",
       "      <td>2040</td>\n",
       "      <td>4900</td>\n",
       "      <td>2560</td>\n",
       "      <td>2050</td>\n",
       "      <td>0</td>\n",
       "    </tr>\n",
       "  </tbody>\n",
       "</table>\n",
       "</div>"
      ],
      "text/plain": [
       "           London  Berlin  Oslo  Moscow  Paris  Rome  Beijing  Istanbul  \\\n",
       "London          0     570   710    1550    210   890     5050      1550   \n",
       "Berlin        570       0   520    1000    540   730     4570      1080   \n",
       "Oslo          710     520     0    1020    830  1240     4360      1520   \n",
       "Moscow       1550    1000  1020       0   1540  1470     3600      1090   \n",
       "Paris         210     540   830    1540      0   680     5100      1040   \n",
       "Rome          890     730  1240    1470    680     0     5050       850   \n",
       "Beijing      5050    4570  4360    3600   5100  5050        0      4380   \n",
       "Istanbul     1550    1080  1520    1090   1040   850     4380         0   \n",
       "Gibraltar    1090    1450  1790    2410    960  1030     6010      1870   \n",
       "Reykjavik    1170    1480  1080    2060   1380  2040     4900      2560   \n",
       "\n",
       "           Gibraltar  Reykjavik  \n",
       "London          1090       1170  \n",
       "Berlin          1450       1480  \n",
       "Oslo            1790       1080  \n",
       "Moscow          2410       2060  \n",
       "Paris            960       1380  \n",
       "Rome            1030       2040  \n",
       "Beijing         6010       4900  \n",
       "Istanbul        1870       2560  \n",
       "Gibraltar          0       2050  \n",
       "Reykjavik       2050          0  "
      ]
     },
     "execution_count": 2,
     "metadata": {},
     "output_type": "execute_result"
    }
   ],
   "source": [
    "data = np.array([\n",
    "    [0, 570, 710, 1550, 210, 890, 5050, 1550, 1090, 1170],\n",
    "    [570,0,520, 1000, 540, 730, 4570, 1080, 1450, 1480],\n",
    "    [710, 520, 0, 1020, 830, 1240, 4360, 1520, 1790, 1080],\n",
    "    [1550,1000,1020, 0, 1540, 1470, 3600, 1090, 2410, 2060],\n",
    "    [210,540,830,1540, 0, 680, 5100, 1040, 960, 1380],\n",
    "    [890,730,1240,1470,680, 0, 5050, 850, 1030, 2040],\n",
    "    [5050, 4570, 4360, 3600, 5100, 5050, 0, 4380, 6010, 4900],\n",
    "    [1550, 1080, 1520, 1090, 1040, 850, 4380, 0, 1870, 2560],\n",
    "    [1090, 1450, 1790, 2410, 960, 1030, 6010, 1870, 0, 2050],\n",
    "    [1170, 1480, 1080, 2060, 1380, 2040, 4900, 2560, 2050, 0]\n",
    "])\n",
    "df = pd.DataFrame(data)\n",
    "cities = [\"London\", \"Berlin\", \"Oslo\", \"Moscow\", \"Paris\", \"Rome\", \"Beijing\", \"Istanbul\", \"Gibraltar\", \"Reykjavik\"]\n",
    "df.index = cities\n",
    "df.columns = cities\n",
    "df"
   ]
  },
  {
   "cell_type": "code",
   "execution_count": null,
   "id": "9be9a228",
   "metadata": {},
   "outputs": [],
   "source": [
    "fit_data = mds.fit_transform(df)"
   ]
  },
  {
   "cell_type": "code",
   "execution_count": null,
   "id": "e53641cd",
   "metadata": {},
   "outputs": [],
   "source": [
    "fit_df = pd.DataFrame(fit_data)\n",
    "fit_df.columns = [\"x\", \"y\"]\n",
    "fit_df[\"cities\"] = cities"
   ]
  },
  {
   "cell_type": "code",
   "execution_count": null,
   "id": "d72310dd",
   "metadata": {},
   "outputs": [],
   "source": [
    "fit_df[0]"
   ]
  },
  {
   "cell_type": "code",
   "execution_count": null,
   "id": "000ba97c",
   "metadata": {},
   "outputs": [],
   "source": [
    "import plotly.express as px"
   ]
  },
  {
   "cell_type": "code",
   "execution_count": null,
   "id": "994bbede",
   "metadata": {},
   "outputs": [],
   "source": [
    "px.scatter(fit_df, x=\"x\", y=\"y\", text = \"cities\", hover_name=\"cities\")"
   ]
  },
  {
   "cell_type": "code",
   "execution_count": null,
   "id": "7fa318d0",
   "metadata": {
    "jupyter": {
     "source_hidden": true
    }
   },
   "outputs": [],
   "source": []
  }
 ],
 "metadata": {
  "kernelspec": {
   "display_name": "Python 3 (ipykernel)",
   "language": "python",
   "name": "python3"
  },
  "language_info": {
   "codemirror_mode": {
    "name": "ipython",
    "version": 3
   },
   "file_extension": ".py",
   "mimetype": "text/x-python",
   "name": "python",
   "nbconvert_exporter": "python",
   "pygments_lexer": "ipython3",
   "version": "3.11.4"
  }
 },
 "nbformat": 4,
 "nbformat_minor": 5
}
